"ECB_00737"	"ECB_01992"	"ECB_02816"	"ECB_03722"	"acpP"	"appC"	"arcA"	"cycA"	"envZ"	"fabF"	"flgB"	"galF"	"hokB"	"hokD"	"hsdS"	"hslU"	"hupB"	"hyfA"	"iap"	"iclR"	"infB"	"infC"	"malT"	"metH"	"mokC"	"mreB"	"mreC"	"nadR"	"nudC"	"oppD"	"phoH"	"prlA"	"pykF"	"rbsA"	"rbsB"	"rbsD"	"rbsR"	"rfbB"	"rne"	"rplF"	"rpsA"	"rpsC"	"sapF"	"speG"	"spoT"	"thiI"	"thrA"	"trkH"	"wzy"	"ybaE"	"ybaL"	"ybbN"	"ybeB"	"ybhP"	"ycdM"	"yceK"	"ycfC"	"yebY"	"yecE"	"yeeR"	"yeeU"	"yfaQ"	"yfcTU"	"yggM"	"ygjD"	"yhdG"	"yhdJ"	"yieO"	"yihP"	"yjcE"	"yjjY"	"ylcG"	"yqeB"	"yqhH"
"ECB_00737"	1	0	0	0	0.0245758428484072	0	0	0	0	0	0	0	0.0658186689102714	0.13591829010945	0	0	0.0198186098403018	0	0	0	0	0	0	0	0.00976452295080743	0	0	0	0	0	0	0	0	0	0	-0.00073362016068513	0	0	0	-0.000629642471695196	0	0	0	0	0	0	0	0	0	0	0	0	0	0	0	0	0.00170717082845998	0.0261690385635117	0	0	0	0	0	0	0	0	0	0	0	0	-0.0188929300349081	0.0233071740306831	0	0.0425111028376663
"ECB_01992"	0	1	0	0.0197383397984645	-0.00550056801605352	0	0	0	0	0	-0.0497350513074343	0	-0.0467909017949417	-0.022032811143831	0	0	-0.00332379978821864	0	0	0	0	0	0	0	-0.0167875358280522	0	0	0	0.0179015763006671	0	0	0	0	0	0.0167547210091236	0	0	0	0	0	0	0	0.01761424184768	0	0	0.0118440038446634	0.00695891204640868	0	0	0.0102306047584281	0	0	-0.00734278588963068	0.0169693938583896	0	0.0286935338251101	0	-0.0060749668218717	0	0	0	0	0	0	0	0	0	0	0	0.0109163272615522	0.175221405707433	0	0	-0.00981597696800198
"ECB_02816"	0	0	1	0	0	0	0	0	0.00388767965927999	0	0	0	-0.00109470693901738	0	0	0	0	0	0.00651193773070561	0	0	0	0	0	0	0	0.00629744374760586	0	0	0.00919074533641379	0	0.00346341902172394	0	0	0	0	0	0.00521146471863086	0	0	0	0	0	0	0	0	0	0	0	0	0	0	0	0	0	0	0	0	0	0	0	0	0	0.00701349349389077	0.00716019504220727	0	0	0	0	0	0	0.219953882035673	0	0
"ECB_03722"	0	0.0197383397984645	0	1	0	0	0	0	0	0	-0.0556369280440973	0	-0.0423266284060399	-0.00950217614148435	0	0	0	0	0	0	0	0	0	0	-0.00599058561820478	0	0	0	0.00657181711324534	0	0	0	0	0	0.0050432639999452	0	0	0	0	0	0	0	0.00618797846330289	0	0	0	0	0	0	0	0	0	0	0.00533693046604857	0	0.0219577532786185	0	0	0	0	0	0	0	0	0	0	0	0	0	0	0.196556160651547	0	0	-0.00183841898830508
"acpP"	0.0245758428484072	-0.00550056801605352	0	0	1	0	0	0.022411646823175	0	0	-0.0205607207050535	-0.0233209216707324	0.0710368711695667	0.0989181553632737	0	0	0.0328203402600431	0	0	0	0	0	0	0	0.0391683253812002	-0.0225572416590776	0	0	0	0	0.0245186689647893	0	0	0	0	-0.0263803130319182	0	0	0	-0.0263503927089548	0	-0.0251749722662362	0	-0.00296511089140284	0	0	0	-0.0212534290074137	0	0	0	0.0261635550135222	0.0340040388230417	0	0	-0.00719161852713823	0.0279235629133226	0.0344713355155334	0.0269828957785745	0.0178252076701242	0.0250354436710694	0	0.017490839879132	0	0	0	0	0.00789750249043595	0	0	-0.0332672587782839	0.00743009403641459	0	0.0411269239627668
"appC"	0	0	0	0	0	1	0	0	0	0	0.132509655010165	0	-0.028119968742884	-0.0605879942637502	0	0	0	0	0	0	0	0	0	0	0	0	0	0	0	0	0	0	0	0.00922594628450124	0	0	0	0	0	0	0.00726290499313527	0	0	0.0347357344395772	0	0	0	0	0.0117568534318959	0	0	0	0	0	0	0	0	0	0	0	0	0	0	0	0	0	0.0153307618127153	0	0.00962358915960807	0	-0.109654834353964	0.00869216154769863	0.00760010501939469	-0.00100166946851478
"arcA"	0	0	0	0	0	0	1	0	0	0	0.0432476628826657	0	0	0.022345223484738	0	0	0	0	0	0	0	0	0	0	0	0	0	0	0	0	0	0	0	0	0	0	0	0	0	0	0	0	0	0	0	0	0	0	0	0	0	0	0	0	0	0	0	0	0	0	0	0	0	0	0	0	0	0	0	0	-0.206526135498247	0.162312628687278	0	0
"cycA"	0	0	0	0	0.022411646823175	0	0	1	0	0	0	0	0.0631475508722461	0.136153299001491	0	0	0.0173552967198546	0	0	0	0	0	0	0	0.00533896669275266	0	0	0	0	0	0	0	0	0	0	0	0	0	0	0	0	0	0	0	0	0	0	0	0	0	0	0	0	0	0	0	0	0.0241264241266092	0	0	0	0	0	0	0	0	0	0	0	0	-0.0154912844738143	0.0230482879065862	0	0.0412033381783047
"envZ"	0	0	0.00388767965927999	0	0	0	0	0	1	0	0	0	-0.00144419071371279	0.000310941343750773	0	0	0	0	0.0103626795204117	0	0	0	0	0	0	0	0.0101626560834569	0	0	0.0128742656485695	0	0.00751306143400659	0	0	0	0	0	0.00915814438823946	0	0	0	0	0	0	0	0	0	0	0	0	0	0	0	0	0	0	0	0	0	0	0	0	0	0.0108529968292817	0.010986621955525	0	0	0	0	0	0	0.217776447251645	0	0
"fabF"	0	0	0	0	0	0	0	0	0	1	0	0	0	-0.0953004363211493	0	0	0	0	0	0	0	0	0	0	0	0	0	0	0	0	0	0	0	0	0	0	0	0	0	0	0	0	0	0	0	0	0	0	0	0	0	0	0	0	0	0	0	0	0	0	0	0	0	0	0	0	0	0	0	0	0	-0.221165192484242	0	-0.0134842868187926
"flgB"	0	-0.0497350513074343	0	-0.0556369280440973	-0.0205607207050535	0.132509655010165	0.0432476628826657	0	0	0	1	0.00021978630940308	-0.06234694216359	-0.10523301510473	-0.000748808100572162	0	-0.015831846786463	-0.00839320947875699	0	0.00322703620683592	-0.182040912208951	0	0	0.148070770951447	-0.0240590050715573	0.0337315006111681	0	0.00640527900580682	-0.0571516607707026	0	0	0	0	0.132034912818975	-0.0573087678937491	0.00107633419790925	-0.00414155230442072	0	0	0.00118367283915096	0.133098874021383	0.000982031727225833	-0.057232352791182	0.112717493652986	0.0414395646530126	-0.0573349754615672	-0.0521186122309179	0	0.13075616935611	-0.0557940315087601	0.128376929648468	-0.00129174918903452	-0.0179232764860893	-0.0572697994312751	-0.00125052494429853	-0.0492970556949941	-0.00364667348354391	-0.0221800788198618	-0.00234640497469426	0	-0.000132868920223612	-0.00054145510901768	0	0	0	0	0.128807604116255	-0.000329091638886004	0.131838719708363	-0.0564532003064684	-0.078557691703785	0.0110048557417396	0.132986907645085	-0.040300236883702
"galF"	0	0	0	0	-0.0233209216707324	0	0	0	0	0	0.00021978630940308	1	-0.0264416831070211	-0.12532982435157	0	0	-0.0180245595052209	0	0	0	0	0	0	0	0	0	0	0	0	0	0	0	0	0	0	0.0256602225886008	0	0	0	0.0255851166458562	0	0.0236951318058286	0	0	0	0	0	0.0197022492156451	0	0	0	0	0	0	0	0	-0.00130587643791906	-0.0251861050041677	0	0	0	0	0	0	0	0	0	0	0	0	0	-0.104235069134034	0	-0.0424278052238331
"hokB"	0.0658186689102714	-0.0467909017949417	-0.00109470693901738	-0.0423266284060399	0.0710368711695667	-0.028119968742884	0	0.0631475508722461	-0.00144419071371279	0	-0.06234694216359	-0.0264416831070211	1	0.0855395801713751	0.101519603419378	0	0.0726847629865864	0.101281469800544	-0.00228969594056925	0	0.048739644555982	-0.110177924543147	0	-0.0730825658206968	0.169851039844546	-0.0965981556997989	-0.00222194692639441	-7.45270472703226e-05	-0.0390530253191108	-0.00311151982356432	0.0657580118282141	-0.00120181703708188	0	-0.0281713198319378	-0.0376721116037258	-0.0266579104774328	0.101699186960173	-0.00181674537957766	0.101010349337224	-0.0266747296548939	-0.0275679519771489	-0.0270344848135618	-0.0387479140189673	-0.0329248932475922	-0.152336806263639	-0.0275255896997915	-0.0240778730216233	-0.0251918934069212	-0.0288243034746578	-0.0260962943135452	0	0.0674581014226773	0.174778788367885	-0.0380290508548437	0.101875212707194	-0.0459355406559682	0.0694852063464369	0.0706301921811719	0.0684199689522132	0.0577412009915074	0.0662854887784557	0.101342057510175	0.0573132741020524	-0.00246400603308041	-0.00256677479589895	-0.102854251462669	-0.0295065460642537	0	-0.0283036580369062	-0.0267229490753808	-0.0430089748495463	-0.0628944731200186	-0.0278647605166542	0.0687671040462863
"hokD"	0.13591829010945	-0.022032811143831	0	-0.00950217614148435	0.0989181553632737	-0.0605879942637502	0.022345223484738	0.136153299001491	0.000310941343750773	-0.0953004363211493	-0.10523301510473	-0.12532982435157	0.0855395801713751	1	0.00914966197423967	0	0.107086333806398	0.0100443373792645	0.00109708847295346	-0.132409932557951	0.0153461436939455	0	0.143226476492217	-0.0131034007473198	0.125213373681219	-0.242068249229888	0.00103662045194977	0	-0.0072834621631679	0.00190046110282809	0.135960646474872	0.000205363108143217	0	-0.0605716836244779	-0.00582011652793197	-0.125205728168788	0.0102869157817066	0.000692075206088248	0.00461383663698739	-0.125327984529466	-0.0597747336643654	-0.126352881035493	-0.00672613732696101	-0.0722253196212819	-0.0870649131732698	-0.00425334884302639	-0.00437828694768034	-0.122765346136624	-0.0614675252818877	-0.00427812929261976	-0.0119027616978823	0.133686887793501	0.126690332294204	-0.00588028696222835	0.00957908751448843	-0.0250670170403158	0.130747674212451	0.0962431651206067	0.132771343650903	0.135949766001993	0.135411187356073	0.00862586728593683	0.135912467391617	0.00119222361693058	0.00123429260668382	0	-0.0626880164711661	0.152822701564273	-0.0607451896955231	-0.0042962561769568	-0.0126443097681977	0.0110785172569471	-0.0602138695729176	0.0792464142000225
"hsdS"	0	0	0	0	0	0	0	0	0	0	-0.000748808100572162	0	0.101519603419378	0.00914966197423967	1	0	0	0	0	0	0	0	0	0	0.0245552337139716	0	0	0	0	0	0	0	0	0	0	0	0	0	0	0	0	0	0	0	0	0	0	0	0	0	0	0	0.0109988577166229	0	0	0	0	0	0	0	0	0	0	0	0	0	0	0	0	0	0	-0.136674757857929	0	0
"hslU"	0	0	0	0	0	0	0	0	0	0	0	0	0	0	0	1	0	0	0	0	0	0	0	0	0	0	0	0	0	0	0	0	0	0	0	0	0	0	0	0	0	0	0	0	0	0	0	0	0	0	0	0	0	0	0	0	0	0	0	0	0	0	0	0	0	0	0	0	0	0	0	0	0	0
"hupB"	0.0198186098403018	-0.00332379978821864	0	0	0.0328203402600431	0	0	0.0173552967198546	0	0	-0.015831846786463	-0.0180245595052209	0.0726847629865864	0.107086333806398	0	0	1	0	0	0	0	0	0	0	0.0360438441485065	-0.012686375281328	0	0	0	0	0.0196817024073778	0	0	0	0	-0.0218166651948256	0	0	0	-0.0217677443681363	0	-0.0201649563985897	0	0	0	0	0	-0.0155859515188581	0	0	0	0.0217669558892425	0.0300775551529123	0	0	-0.00505136518694315	0.0239036846198432	0.0334514135927629	0.0227273889724624	0.0121382337939067	0.0203446324268418	0	0.0117673516311086	0	0	0	0	0.000530644351206121	0	0	-0.0351008180154186	0.00789029211379672	0	0.0419107495156968
"hyfA"	0	0	0	0	0	0	0	0	0	0	-0.00839320947875699	0	0.101281469800544	0.0100443373792645	0	0	0	1	0	0	0	-0.00374564695229562	0	0	0.0351375983198968	0	0	0	0	-0.00100691742179566	0	0	0	0	0	0	0.00187286690231306	0	0	0	0	0	0	0	0	0	0	0	0	0	0	0	0.024205540894272	0	0	0	0	0	0	0	0	0	0	0	0	0	0	0	0	0	-0.00374071606887808	-0.146785953724829	0	0
"iap"	0	0	0.00651193773070561	0	0	0	0	0	0.0103626795204117	0	0	0	-0.00228969594056925	0.00109708847295346	0	0	0	0	1	0	0	0	0	0	0	0	0.0125292172127449	0	0	0.0151193791178241	0	0.0099867001176402	0	0	0	0	0	0.0115621275742183	0	0	0	0	0	0	0	0	0	0	0	0	0	0	0	0	0	0	0	0	0	0	0	0	0	0.0131960628746014	0.0133353539278948	0	0	0	0	0	0	0.216110832138129	0	0
"iclR"	0	0	0	0	0	0	0	0	0	0	0.00322703620683592	0	0	-0.132409932557951	0	0	0	0	0	1	0	0	0	0	0	0	0	0	0	0	0	0	0	0	0	0	0	0	0	0	0	0	0	0	0	0	0	0	0	0	0	0	0	0	0	0	0	0	0	0	0	0	0	0	0	0	0	0	0	0	0	-0.0648541020356558	0	0
"infB"	0	0	0	0	0	0	0	0	0	0	-0.182040912208951	0	0.048739644555982	0.0153461436939455	0	0	0	0	0	0	1	0	0	0	0	0	0	0	0	0	0	0	0	0	0	0	0	0	0	0	0	0	0	-0.0354507351429595	0	0	0	0	0	0	0	0	0	0	0	0	0	0	0	0	0	0	0	0	0	0	-0.00121134785915546	0	0	0	0.161011006029287	-0.0822381049603304	0	0
"infC"	0	0	0	0	0	0	0	0	0	0	0	0	-0.110177924543147	0	0	0	0	-0.00374564695229562	0	0	0	1	0	0	-0.038446128909153	0	0	0	0	0	0	0	0	0	0	0	0	0	0	0	0	0	0	0	0	0	0	0	0	0	0	0	-0.0232501785438091	0	0	0	0	0	0	0	0	0	0	0	0	0	0	0	0	0	0.15572544216794	0.182120720298416	0	0
"malT"	0	0	0	0	0	0	0	0	0	0	0	0	0	0.143226476492217	0	0	0	0	0	0	0	0	1	0	0	0	0	0	0	0	0	0	0	0	0	0	0	0	0	0	0	0	0	0	0	0	0	0	0	0	0	0	0	0	0	0	0	0.00209033844946846	0	0	0	0	0	0	0	0	0	0	0	0	0	0.165909607774582	0	0.0275155991165496
"metH"	0	0	0	0	0	0	0	0	0	0	0.148070770951447	0	-0.0730825658206968	-0.0131034007473198	0	0	0	0	0	0	0	0	0	1	0	0	0	0	0	0	0	0	0	0	0	0	0	0	0	0	0	0	0	0.0175683237081693	0	0	0	0	0	0	0	0	0	0	0	0	0	0	0	0	0	0	0	0	0	0	0	0	0	0	-0.069959196598331	0.155395863866829	0	0
"mokC"	0.00976452295080743	-0.0167875358280522	0	-0.00599058561820478	0.0391683253812002	0	0	0.00533896669275266	0	0	-0.0240590050715573	0	0.169851039844546	0.125213373681219	0.0245552337139716	0	0.0360438441485065	0.0351375983198968	0	0	0	-0.038446128909153	0	0	1	0	0	0	-0.00227048254711711	0	0.00949318468683547	0	0	0	-0.000475133750165035	0	0.030340622348536	0	0.0156893107457711	0	0	0	-0.00184118559459192	0	-0.0120532536994067	0	0	0	0	0	0	0.013747052299462	0.0864947079319844	-0.000871422689647102	0.0267569457827764	-0.0179071912555797	0.0183888059088972	0.0400246688321744	0.0157233031755196	0	0.0108151244300609	0.0232186031502381	0	0	0	0	0	0	0	0	-0.0760226222427169	-0.0728395333083511	0	0.0501791555626184
"mreB"	0	0	0	0	-0.0225572416590776	0	0	0	0	0	0.0337315006111681	0	-0.0965981556997989	-0.242068249229888	0	0	-0.012686375281328	0	0	0	0	0	0	0	0	1	0	0	0	0	0	0	0	0	0	0	0	0	0	0	0	0	0	0	0	0	0	0	0	0	0	0	0	0	0	0	0	-0.0258204471419732	0	0	0	0	0	0	0	0	0	0	0	0	0	0	0	-0.0580639334953188
"mreC"	0	0	0.00629744374760586	0	0	0	0	0	0.0101626560834569	0	0	0	-0.00222194692639441	0.00103662045194977	0	0	0	0	0.0125292172127449	0	0	0	0	0	0	0	1	0	0	0.0149382176823576	0	0.0097875512877933	0	0	0	0	0	0.0113674449010758	0	0	0	0	0	0	0	0	0	0	0	0	0	0	0	0	0	0	0	0	0	0	0	0	0	0.0130119009907131	0.0131542822028354	0	0	0	0	0	0	0.216284899633376	0	0
"nadR"	0	0	0	0	0	0	0	0	0	0	0.00640527900580682	0	-7.45270472703226e-05	0	0	0	0	0	0	0	0	0	0	0	0	0	0	1	0	0	0	0	0	0	0	0	0	0	0	0	0	0	0	0	0	0	0	0	0	0	0	0	0	0	0	0	0	0	0	0	0	0	0	0	0	0	0	0	0	0	0	0.117540457959807	0	0
"nudC"	0	0.0179015763006671	0	0.00657181711324534	0	0	0	0	0	0	-0.0571516607707026	0	-0.0390530253191108	-0.0072834621631679	0	0	0	0	0	0	0	0	0	0	-0.00227048254711711	0	0	0	1	0	0	0	0	0	0.00223767505276225	0	0	0	0	0	0	0	0.00347062254572413	0	0	0	0	0	0	0	0	0	0	0.00254908963127207	0	0.0202194339561643	0	0	0	0	0	0	0	0	0	0	0	0	0	0	0.199924167644529	0	0	0
"oppD"	0	0	0.00919074533641379	0	0	0	0	0	0.0128742656485695	0	0	0	-0.00311151982356432	0.00190046110282809	0	0	0	-0.00100691742179566	0.0151193791178241	0	0	0	0	0	0	0	0.0149382176823576	0	0	1	0	0.0125157970679163	0	0	0	0	0	0.0140155550320722	0	0	0	0	0	0	0	0	0	0	0	0	0	0	0	0	0	0	0	0	0	0	0	0	0	0.0155809081565207	0.0157069117989245	0	0	0	0	0	0	0.214230466900688	0	0
"phoH"	0	0	0	0	0.0245186689647893	0	0	0	0	0	0	0	0.0657580118282141	0.135960646474872	0	0	0.0196817024073778	0	0	0	0	0	0	0	0.00949318468683547	0	0	0	0	0	1	0	0	0	0	-0.000578226286960303	0	0	0	-0.000472315807330621	0	0	0	0	0	0	0	0	0	0	0	0	0	0	0	0	0.00150206374585354	0.0260531457434538	0	0	0	0	0	0	0	0	0	0	0	0	-0.0185221467470996	0.023393578114524	0	0.0424612936202665
"prlA"	0	0	0.00346341902172394	0	0	0	0	0	0.00751306143400659	0	0	0	-0.00120181703708188	0.000205363108143217	0	0	0	0	0.0099867001176402	0	0	0	0	0	0	0	0.0097875512877933	0	0	0.0125157970679163	0	1	0	0	0	0	0	0.00877541188341052	0	0	0	0	0	0	0	0	0	0	0	0	0	0	0	0	0	0	0	0	0	0	0	0	0	0.0105061142503486	0.0106338730937496	0	0	0	0	0	0	0.218066382156809	0	0
"pykF"	0	0	0	0	0	0	0	0	0	0	0	0	0	0	0	0	0	0	0	0	0	0	0	0	0	0	0	0	0	0	0	0	1	0	0	0	0	0	0	0	0	0	0	0	0	0	0	0	0	0	0	0	0	0	0	0	0	0	0	0	0	0	0	0	0	0	0	0	0	0	0	0	0	0
"rbsA"	0	0	0	0	0	0.00922594628450124	0	0	0	0	0.132034912818975	0	-0.0281713198319378	-0.0605716836244779	0	0	0	0	0	0	0	0	0	0	0	0	0	0	0	0	0	0	0	1	0	0	0	0	0	0	0.00807403290470619	0	0	0.0350628904624463	0	0	0	0	0.0124818882113247	0	0	0	0	0	0	0	0	0	0	0	0	0	0	0	0	0	0.0159887329167726	0	0.0103891398139754	0	-0.109883599341341	0.0085643389477665	0.00840538113727655	-0.00139185440705405
"rbsB"	0	0.0167547210091236	0	0.0050432639999452	0	0	0	0	0	0	-0.0573087678937491	0	-0.0376721116037258	-0.00582011652793197	0	0	0	0	0	0	0	0	0	0	-0.000475133750165035	0	0	0	0.00223767505276225	0	0	0	0	0	1	0	0	0	0	0	0	0	0.00181274710508932	0	0	0	0	0	0	0	0	0	0	0.000863527917807063	0	0.0191333937227339	0	0	0	0	0	0	0	0	0	0	0	0	0	0	0.20139707714902	0	0	0
"rbsD"	-0.00073362016068513	0	0	0	-0.0263803130319182	0	0	0	0	0	0.00107633419790925	0.0256602225886008	-0.0266579104774328	-0.125205728168788	0	0	-0.0218166651948256	0	0	0	0	0	0	0	0	0	0	0	0	0	-0.000578226286960303	0	0	0	0	1	0	0	0	0.0293155966805903	0	0.0275533119048406	0	0	0	0	0	0.0237024197163091	0	0	0	-0.00420064534477621	0	0	0	0	-0.00778670670710541	-0.0279854075633747	-0.00575802980023	0	-0.00172180893025559	0	0	0	0	0	0	-0.000722173530151967	0	0	0	-0.110250640825282	0	-0.043689729594871
"rbsR"	0	0	0	0	0	0	0	0	0	0	-0.00414155230442072	0	0.101699186960173	0.0102869157817066	0	0	0	0.00187286690231306	0	0	0	0	0	0	0.030340622348536	0	0	0	0	0	0	0	0	0	0	0	1	0	0	0	0	0	0	0	0	0	0	0	0	0	0	0	0.0181282437907837	0	0	0	0	0	0	0	0	0	0	0	0	0	0	0	0	0	-0.00153700588408881	-0.141403801780533	0	0
"rfbB"	0	0	0.00521146471863086	0	0	0	0	0	0.00915814438823946	0	0	0	-0.00181674537957766	0.000692075206088248	0	0	0	0	0.0115621275742183	0	0	0	0	0	0	0	0.0113674449010758	0	0	0.0140155550320722	0	0.00877541188341052	0	0	0	0	0	1	0	0	0	0	0	0	0	0	0	0	0	0	0	0	0	0	0	0	0	0	0	0	0	0	0	0.0120693912228156	0.012177059483905	0	0	0	0	0	0	0.217013463403093	0	0
"rne"	0	0	0	0	0	0	0	0	0	0	0	0	0.101010349337224	0.00461383663698739	0	0	0	0	0	0	0	0	0	0	0.0156893107457711	0	0	0	0	0	0	0	0	0	0	0	0	0	1	0	0	0	0	0	0	0	0	0	0	0	0	0	0	0	0	0	0	0	0	0	0	0	0	0	0	0	0	0	0	0	0	-0.127480002795539	0	0
"rplF"	-0.000629642471695196	0	0	0	-0.0263503927089548	0	0	0	0	0	0.00118367283915096	0.0255851166458562	-0.0266747296548939	-0.125327984529466	0	0	-0.0217677443681363	0	0	0	0	0	0	0	0	0	0	0	0	0	-0.000472315807330621	0	0	0	0	0.0293155966805903	0	0	0	1	0	0.0274725756385952	0	0	0	0	0	0.0236118843322468	0	0	0	-0.00410404978745885	0	0	0	0	-0.00770085271038736	-0.0279600316630417	-0.00566728877301684	0	-0.00162165214183139	0	0	0	0	0	0	-0.000547461768249367	0	0	0	-0.110225944668813	0	-0.0437027437816744
"rpsA"	0	0	0	0	0	0.00726290499313527	0	0	0	0	0.133098874021383	0	-0.0275679519771489	-0.0597747336643654	0	0	0	0	0	0	0	0	0	0	0	0	0	0	0	0	0	0	0	0.00807403290470619	0	0	0	0	0	0	1	0	0	0.0342540915717433	0	0	0	0	0.0106763218690277	0	0	0	0	0	0	0	0	0	0	0	0	0	0	0	0	0	0.0143508924339703	0	0.00848315767692114	0	-0.109805886993145	0.0091521889646076	0.00640189192695707	-0.000204541060874376
"rpsC"	0	0	0	0	-0.0251749722662362	0	0	0	0	0	0.000982031727225833	0.0236951318058286	-0.0270344848135618	-0.126352881035493	0	0	-0.0201649563985897	0	0	0	0	0	0	0	0	0	0	0	0	0	0	0	0	0	0	0.0275533119048406	0	0	0	0.0274725756385952	0	1	0	0	0	0	0	0.0216650926563148	0	0	0	-0.000884309543157607	0	0	0	0	-0.00480362106159463	-0.0268583785888368	-0.00259516008156321	0	0	0	0	0	0	0	0	0	0	0	0	-0.107663804094938	0	-0.0434358260874259
"sapF"	0	0.01761424184768	0	0.00618797846330289	0	0	0	0	0	0	-0.057232352791182	0	-0.0387479140189673	-0.00672613732696101	0	0	0	0	0	0	0	0	0	0	-0.00184118559459192	0	0	0	0.00347062254572413	0	0	0	0	0	0.00181274710508932	0	0	0	0	0	0	0	1	0	0	0	0	0	0	0	0	0	0	0.00212277479933938	0	0.01993627331518	0	0	0	0	0	0	0	0	0	0	0	0	0	0	0.200318607153059	0	0	0
"speG"	0	0	0	0	-0.00296511089140284	0.0347357344395772	0	0	0	0	0.112717493652986	0	-0.0329248932475922	-0.0722253196212819	0	0	0	0	0	0	-0.0354507351429595	0	0	0.0175683237081693	0	0	0	0	0	0	0	0	0	0.0350628904624463	0	0	0	0	0	0	0.0342540915717433	0	0	1	0	0	0	0	0.0361289266484835	0	0.0182444649364249	0	0	0	0	-0.000677873693530772	0	-0.00421827292350097	0	0	0	0	0	0	0	0	0.0376081084608708	0	0.0352318662701498	0	-0.104422243626174	0	0.0343958325274281	-0.0164862354045488
"spoT"	0	0	0	0	0	0	0	0	0	0	0.0414395646530126	0	-0.152336806263639	-0.0870649131732698	0	0	0	0	0	0	0	0	0	0	-0.0120532536994067	0	0	0	0	0	0	0	0	0	0	0	0	0	0	0	0	0	0	0	1	0	0	0	0	0	0	0	0	0	0	0	0	0	0	0	0	0	0	0	0	0	0	0	0	0	0	0.128863636951041	0	0
"thiI"	0	0.0118440038446634	0	0	0	0	0	0	0	0	-0.0573349754615672	0	-0.0275255896997915	-0.00425334884302639	0	0	0	0	0	0	0	0	0	0	0	0	0	0	0	0	0	0	0	0	0	0	0	0	0	0	0	0	0	0	0	1	0	0	0	0	0	0	0	0	0	0.0145071492001186	0	0	0	0	0	0	0	0	0	0	0	0	0	0	0.203533979207808	0	0	0
"thrA"	0	0.00695891204640868	0	0	0	0	0	0	0	0	-0.0521186122309179	0	-0.0240778730216233	-0.00437828694768034	0	0	0	0	0	0	0	0	0	0	0	0	0	0	0	0	0	0	0	0	0	0	0	0	0	0	0	0	0	0	0	0	1	0	0	0	0	0	0	0	0	0.00986066529233241	0	0	0	0	0	0	0	0	0	0	0	0	0	0	0.20183706526261	0	0	0
"trkH"	0	0	0	0	-0.0212534290074137	0	0	0	0	0	0	0.0197022492156451	-0.0251918934069212	-0.122765346136624	0	0	-0.0155859515188581	0	0	0	0	0	0	0	0	0	0	0	0	0	0	0	0	0	0	0.0237024197163091	0	0	0	0.0236118843322468	0	0.0216650926563148	0	0	0	0	0	1	0	0	0	0	0	0	0	0	0	-0.0231647062421619	0	0	0	0	0	0	0	0	0	0	0	0	0	-0.100678622507058	0	-0.040987948664558
"wzy"	0	0	0	0	0	0.0117568534318959	0	0	0	0	0.13075616935611	0	-0.0288243034746578	-0.0614675252818877	0	0	0	0	0	0	0	0	0	0	0	0	0	0	0	0	0	0	0	0.0124818882113247	0	0	0	0	0	0	0.0106763218690277	0	0	0.0361289266484835	0	0	0	0	1	0	0	0	0	0	0	0	0	0	0	0	0	0	0	0	0	0	0.018108734657601	0	0.0128485970097992	0	-0.110270309798606	0.00774209673346182	0.0109873288821519	-0.00287447920688382
"ybaE"	0	0.0102306047584281	0	0	0	0	0	0	0	0	-0.0557940315087601	0	-0.0260962943135452	-0.00427812929261976	0	0	0	0	0	0	0	0	0	0	0	0	0	0	0	0	0	0	0	0	0	0	0	0	0	0	0	0	0	0	0	0	0	0	0	1	0	0	0	0	0	0.0129707943908457	0	0	0	0	0	0	0	0	0	0	0	0	0	0	0.20301864532857	0	0	0
"ybaL"	0	0	0	0	0	0	0	0	0	0	0.128376929648468	0	0	-0.0119027616978823	0	0	0	0	0	0	0	0	0	0	0	0	0	0	0	0	0	0	0	0	0	0	0	0	0	0	0	0	0	0.0182444649364249	0	0	0	0	0	0	1	0	0	0	0	0	0	0	0	0	0	0	0	0	0	0	0	0	0	0	-0.220532972411966	-0.108626807979415	0	0
"ybbN"	0	0	0	0	0.0261635550135222	0	0	0	0	0	-0.00129174918903452	0	0.0674581014226773	0.133686887793501	0	0	0.0217669558892425	0	0	0	0	0	0	0	0.013747052299462	0	0	0	0	0	0	0	0	0	0	-0.00420064534477621	0	0	0	-0.00410404978745885	0	-0.000884309543157607	0	0	0	0	0	0	0	0	0	1	0.00392505356904313	0	0	0	0.00512262842860691	0.0276770010016757	0.00268147471197418	0	0	0	0	0	0	0	0	0	0	0	-0.0221721656789961	0.022359364711517	0	0.0430787588536141
"ybeB"	0	-0.00734278588963068	0	0	0.0340040388230417	0	0	0	0	0	-0.0179232764860893	0	0.174778788367885	0.126690332294204	0.0109988577166229	0	0.0300775551529123	0.024205540894272	0	0	0	-0.0232501785438091	0	0	0.0864947079319844	0	0	0	0	0	0	0	0	0	0	0	0.0181282437907837	0	0	0	0	0	0	0	0	0	0	0	0	0	0	0.00392505356904313	1	0	0.0136367172919283	-0.00888912170117217	0.00935962306846214	0.0351428243813441	0.00625435951887456	0	0.000530263942718097	0.0094111191902623	0	0	0	0	0	0	0	0	-0.0732414417604192	-0.0772716723434022	0	0.04700054830698
"ybhP"	0	0.0169693938583896	0	0.00533693046604857	0	0	0	0	0	0	-0.0572697994312751	0	-0.0380290508548437	-0.00588028696222835	0	0	0	0	0	0	0	0	0	0	-0.000871422689647102	0	0	0	0.00254908963127207	0	0	0	0	0	0.000863527917807063	0	0	0	0	0	0	0	0.00212277479933938	0	0	0	0	0	0	0	0	0	0	1	0	0.019330618162357	0	0	0	0	0	0	0	0	0	0	0	0	0	0	0.201143940081322	0	0	0
"ycdM"	0	0	0	0	0	0	0	0	0	0	-0.00125052494429853	0	0.101875212707194	0.00957908751448843	0	0	0	0	0	0	0	0	0	0	0.0267569457827764	0	0	0	0	0	0	0	0	0	0	0	0	0	0	0	0	0	0	0	0	0	0	0	0	0	0	0	0.0136367172919283	0	1	0	0	0	0	0	0	0	0	0	0	0	0	0	0	0	0	-0.13825780380719	0	0
"yceK"	0	0.0286935338251101	0	0.0219577532786185	-0.00719161852713823	0	0	0	0	0	-0.0492970556949941	0	-0.0459355406559682	-0.0250670170403158	0	0	-0.00505136518694315	0	0	0	0	0	0	0	-0.0179071912555797	0	0	0	0.0202194339561643	0	0	0	0	0	0.0191333937227339	0	0	0	0	0	0	0	0.01993627331518	-0.000677873693530772	0	0.0145071492001186	0.00986066529233241	0	0	0.0129707943908457	0	0	-0.00888912170117217	0.019330618162357	0	1	0	-0.00761489434250986	0	0	0	0	0	0	0	0	0	0	0	0.0136057620639668	0.170795896797901	0	0	-0.011408997596351
"ycfC"	0.00170717082845998	0	0	0	0.0279235629133226	0	0	0	0	0	-0.00364667348354391	-0.00130587643791906	0.0694852063464369	0.130747674212451	0	0	0.0239036846198432	0	0	0	0	0	0	0	0.0183888059088972	0	0	0	0	0	0.00150206374585354	0	0	0	0	-0.00778670670710541	0	0	0	-0.00770085271038736	0	-0.00480362106159463	0	0	0	0	0	0	0	0	0	0.00512262842860691	0.00935962306846214	0	0	0	1	0.0292972547036229	0.00682855304097686	0	0.00269307084188541	0	0	0	0	0	0	0	0	0	-0.0263638960542873	0.0201665303703312	0	0.043650422610302
"yebY"	0.0261690385635117	-0.0060749668218717	0	0	0.0344713355155334	0	0	0.0241264241266092	0	0	-0.0221800788198618	-0.0251861050041677	0.0706301921811719	0.0962431651206067	0	0	0.0334514135927629	0	0	0	0	0	0.00209033844946846	0	0.0400246688321744	-0.0258204471419732	0	0	0	0	0.0260531457434538	0	0	0	0	-0.0279854075633747	0	0	0	-0.0279600316630417	0	-0.0268583785888368	0	-0.00421827292350097	0	0	0	-0.0231647062421619	0	0	0	0.0276770010016757	0.0351428243813441	0	0	-0.00761489434250986	0.0292972547036229	1	0.0284378113579924	0.0196857517425141	0.0266304707218373	0	0.0193677659077006	0	0	0	0	0.0104141636413587	0	0	-0.0323506056575136	0.0075060924354309	0	0.0409519153982101
"yecE"	0	0	0	0	0.0269828957785745	0	0	0	0	0	-0.00234640497469426	0	0.0684199689522132	0.132771343650903	0	0	0.0227273889724624	0	0	0	0	0	0	0	0.0157233031755196	0	0	0	0	0	0	0	0	0	0	-0.00575802980023	0	0	0	-0.00566728877301684	0	-0.00259516008156321	0	0	0	0	0	0	0	0	0	0.00268147471197418	0.00625435951887456	0	0	0	0.00682855304097686	0.0284378113579924	1	0	8.74053413308206e-05	0	0	0	0	0	0	0	0	0	-0.0239867200983539	0.0215729378463655	0	0.0434604808106985
"yeeR"	0	0	0	0	0.0178252076701242	0	0	0	0	0	0	0	0.0577412009915074	0.135949766001993	0	0	0.0121382337939067	0	0	0	0	0	0	0	0	0	0	0	0	0	0	0	0	0	0	0	0	0	0	0	0	0	0	0	0	0	0	0	0	0	0	0	0	0	0	0	0	0.0196857517425141	0	1	0	0	0	0	0	0	0	0	0	0	-0.00784988985720272	0.0210486789146953	0	0.0382212386137729
"yeeU"	0	0	0	0	0.0250354436710694	0	0	0	0	0	-0.000132868920223612	0	0.0662854887784557	0.135411187356073	0	0	0.0203446324268418	0	0	0	0	0	0	0	0.0108151244300609	0	0	0	0	0	0	0	0	0	0	-0.00172180893025559	0	0	0	-0.00162165214183139	0	0	0	0	0	0	0	0	0	0	0	0	0.000530263942718097	0	0	0	0.00269307084188541	0.0266304707218373	8.74053413308206e-05	0	1	0	0	0	0	0	0	0	0	0	-0.0195089394877286	0.0231698747221659	0	0.0427834034297516
"yfaQ"	0	0	0	0	0	0	0	0	0	0	-0.00054145510901768	0	0.101342057510175	0.00862586728593683	0	0	0	0	0	0	0	0	0	0	0.0232186031502381	0	0	0	0	0	0	0	0	0	0	0	0	0	0	0	0	0	0	0	0	0	0	0	0	0	0	0	0.0094111191902623	0	0	0	0	0	0	0	0	1	0	0	0	0	0	0	0	0	0	-0.135945352903566	0	0
"yfcTU"	0	0	0	0	0.017490839879132	0	0	0	0	0	0	0	0.0573132741020524	0.135912467391617	0	0	0.0117673516311086	0	0	0	0	0	0	0	0	0	0	0	0	0	0	0	0	0	0	0	0	0	0	0	0	0	0	0	0	0	0	0	0	0	0	0	0	0	0	0	0	0.0193677659077006	0	0	0	0	1	0	0	0	0	0	0	0	-0.00729515044742064	0.0208917285365253	0	0.0379968183602565
"yggM"	0	0	0.00701349349389077	0	0	0	0	0	0.0108529968292817	0	0	0	-0.00246400603308041	0.00119222361693058	0	0	0	0	0.0131960628746014	0	0	0	0	0	0	0	0.0130119009907131	0	0	0.0155809081565207	0	0.0105061142503486	0	0	0	0	0	0.0120693912228156	0	0	0	0	0	0	0	0	0	0	0	0	0	0	0	0	0	0	0	0	0	0	0	0	0	1	0.0137482659548917	0	0	0	0	0	0	0.215796704135264	0	0
"ygjD"	0	0	0.00716019504220727	0	0	0	0	0	0.010986621955525	0	0	0	-0.00256677479589895	0.00123429260668382	0	0	0	0	0.0133353539278948	0	0	0	0	0	0	0	0.0131542822028354	0	0	0.0157069117989245	0	0.0106338730937496	0	0	0	0	0	0.012177059483905	0	0	0	0	0	0	0	0	0	0	0	0	0	0	0	0	0	0	0	0	0	0	0	0	0	0.0137482659548917	1	0	0	0	0	0	0	0.215768388201587	0	0
"yhdG"	0	0	0	0	0	0	0	0	0	0	0	0	-0.102854251462669	0	0	0	0	0	0	0	0	0	0	0	0	0	0	0	0	0	0	0	0	0	0	0	0	0	0	0	0	0	0	0	0	0	0	0	0	0	0	0	0	0	0	0	0	0	0	0	0	0	0	0	0	1	0	0	0	0	0.0729082415837931	0.00073972359883795	0	-0.00343375000680969
"yhdJ"	0	0	0	0	0	0.0153307618127153	0	0	0	0	0.128807604116255	0	-0.0295065460642537	-0.0626880164711661	0	0	0	0	0	0	-0.00121134785915546	0	0	0	0	0	0	0	0	0	0	0	0	0.0159887329167726	0	0	0	0	0	0	0.0143508924339703	0	0	0.0376081084608708	0	0	0	0	0.018108734657601	0	0	0	0	0	0	0	0	0	0	0	0	0	0	0	0	0	1	0	0.0163215425812836	0	-0.110779319285435	0.00641007093512808	0.0146340448309399	-0.00490006253171509
"yieO"	0	0	0	0	0.00789750249043595	0	0	0	0	0	-0.000329091638886004	0	0	0.152822701564273	0	0	0.000530644351206121	0	0	0	0	0	0	0	0	0	0	0	0	0	0	0	0	0	0	-0.000722173530151967	0	0	0	-0.000547461768249367	0	0	0	0	0	0	0	0	0	0	0	0	0	0	0	0	0	0.0104141636413587	0	0	0	0	0	0	0	0	0	1	0	0	0	0.188256399454521	0	0.0349447247471703
"yihP"	0	0	0	0	0	0.00962358915960807	0	0	0	0	0.131838719708363	0	-0.0283036580369062	-0.0607451896955231	0	0	0	0	0	0	0	0	0	0	0	0	0	0	0	0	0	0	0	0.0103891398139754	0	0	0	0	0	0	0.00848315767692114	0	0	0.0352318662701498	0	0	0	0	0.0128485970097992	0	0	0	0	0	0	0	0	0	0	0	0	0	0	0	0	0	0.0163215425812836	0	1	0	-0.109918073637589	0.00845307935057877	0.00881093513076207	-0.0016319430984503
"yjcE"	0	0.0109163272615522	0	0	0	0	0	0	0	0	-0.0564532003064684	0	-0.0267229490753808	-0.0042962561769568	0	0	0	0	0	0	0	0	0	0	0	0	0	0	0	0	0	0	0	0	0	0	0	0	0	0	0	0	0	0	0	0	0	0	0	0	0	0	0	0	0	0.0136057620639668	0	0	0	0	0	0	0	0	0	0	0	0	0	1	0.203302751462581	0	0	0
"yjjY"	-0.0188929300349081	0.175221405707433	0	0.196556160651547	-0.0332672587782839	-0.109654834353964	-0.206526135498247	-0.0154912844738143	0	0	-0.078557691703785	0	-0.0430089748495463	-0.0126443097681977	0	0	-0.0351008180154186	-0.00374071606887808	0	0	0.161011006029287	0.15572544216794	0	-0.069959196598331	-0.0760226222427169	0	0	0	0.199924167644529	0	-0.0185221467470996	0	0	-0.109883599341341	0.20139707714902	0	-0.00153700588408881	0	0	0	-0.109805886993145	0	0.200318607153059	-0.104422243626174	0	0.203533979207808	0.20183706526261	0	-0.110270309798606	0.20301864532857	-0.220532972411966	-0.0221721656789961	-0.0732414417604192	0.201143940081322	0	0.170795896797901	-0.0263638960542873	-0.0323506056575136	-0.0239867200983539	-0.00784988985720272	-0.0195089394877286	0	-0.00729515044742064	0	0	0.0729082415837931	-0.110779319285435	0	-0.109918073637589	0.203302751462581	1	0	-0.109680286800838	-0.0229748477507272
"ylcG"	0.0233071740306831	0	0.219953882035673	0	0.00743009403641459	0.00869216154769863	0.162312628687278	0.0230482879065862	0.217776447251645	-0.221165192484242	0.0110048557417396	-0.104235069134034	-0.0628944731200186	0.0110785172569471	-0.136674757857929	0	0.00789029211379672	-0.146785953724829	0.216110832138129	-0.0648541020356558	-0.0822381049603304	0.182120720298416	0.165909607774582	0.155395863866829	-0.0728395333083511	0	0.216284899633376	0.117540457959807	0	0.214230466900688	0.023393578114524	0.218066382156809	0	0.0085643389477665	0	-0.110250640825282	-0.141403801780533	0.217013463403093	-0.127480002795539	-0.110225944668813	0.0091521889646076	-0.107663804094938	0	0	0.128863636951041	0	0	-0.100678622507058	0.00774209673346182	0	-0.108626807979415	0.022359364711517	-0.0772716723434022	0	-0.13825780380719	0	0.0201665303703312	0.0075060924354309	0.0215729378463655	0.0210486789146953	0.0231698747221659	-0.135945352903566	0.0208917285365253	0.215796704135264	0.215768388201587	0.00073972359883795	0.00641007093512808	0.188256399454521	0.00845307935057877	0	0	1	0.00895090347743045	0.00654957578153241
"yqeB"	0	0	0	0	0	0.00760010501939469	0	0	0	0	0.132986907645085	0	-0.0278647605166542	-0.0602138695729176	0	0	0	0	0	0	0	0	0	0	0	0	0	0	0	0	0	0	0	0.00840538113727655	0	0	0	0	0	0	0.00640189192695707	0	0	0.0343958325274281	0	0	0	0	0.0109873288821519	0	0	0	0	0	0	0	0	0	0	0	0	0	0	0	0	0	0.0146340448309399	0	0.00881093513076207	0	-0.109680286800838	0.00895090347743045	1	-0.000499696307072743
"yqhH"	0.0425111028376663	-0.00981597696800198	0	-0.00183841898830508	0.0411269239627668	-0.00100166946851478	0	0.0412033381783047	0	-0.0134842868187926	-0.040300236883702	-0.0424278052238331	0.0687671040462863	0.0792464142000225	0	0	0.0419107495156968	0	0	0	0	0	0.0275155991165496	0	0.0501791555626184	-0.0580639334953188	0	0	0	0	0.0424612936202665	0	0	-0.00139185440705405	0	-0.043689729594871	0	0	0	-0.0437027437816744	-0.000204541060874376	-0.0434358260874259	0	-0.0164862354045488	0	0	0	-0.040987948664558	-0.00287447920688382	0	0	0.0430787588536141	0.04700054830698	0	0	-0.011408997596351	0.043650422610302	0.0409519153982101	0.0434604808106985	0.0382212386137729	0.0427834034297516	0	0.0379968183602565	0	0	-0.00343375000680969	-0.00490006253171509	0.0349447247471703	-0.0016319430984503	0	-0.0229748477507272	0.00654957578153241	-0.000499696307072743	1
